output_bucket: firespreadprediction
rectangular_size: 0.5
year: 2020
fire_23654679:
  latitude: 33.59791738445666
  longitude: -108.63359855126642
  start: 2020-01-01
  end: 2020-01-28
