output_bucket: firespreadprediction
rectangular_size: 0.5
year: 2021
fire_24844724:
  latitude: 42.18541694567285
  longitude: -121.2337582622699
  start: 2021-01-05
  end: 2021-01-22
fire_24845470:
  latitude: 27.6479158900774
  longitude: -81.2457285710034
  start: 2020-12-30
  end: 2021-01-22
